1 4 7 14 24 1 
2 7 20 21 33 1 
5 13 18 19 21 1 
14 15 18 29 34 5 
4 5 23 25 29 6 
3 5 21 29 32 6 
11 12 22 25 33 13 
6 11 14 18 34 6 
1 4 7 17 23 5 
1 6 13 22 23 6 
3 4 22 32 33 11 
6 10 15 22 29 2 
12 16 17 26 32 12 
7 12 15 31 34 14 
6 18 19 23 27 14 
3 5 9 29 34 2 
4 27 28 32 34 4 
4 5 9 11 30 6 
18 22 26 28 33 1 
18 20 28 31 32 5 
6 8 27 31 32 10 
2 16 20 28 31 1 
1 7 16 21 22 12 
11 13 16 26 32 10 
4 9 10 13 33 12 
7 21 22 26 34 6 
11 17 20 28 29 14 
5 9 10 28 33 7 
2 12 14 22 30 6 
8 9 18 30 32 9
2 11 25 28 33 1
3 7 13 19 28 13