3 5 5 3 11 3 2 
3 5 5 4 5 3 4
3 6 7 4 4 4 4
6 7 4 4 11 3 2
6 5 8 7 4 3 5
4 5 3 5 8 5 6
4 6 8 5 4 12 5
3 6 4 5 5 3 9
7 5 5 4 3 12 4
6 8 5 7 7 6 6
3 5 5 2 3 7 3
6 8 3 7 6 12 9
4 4 7 6 4 4 6
7 5 6 4 4 8 8
3 5 5 8 11 12 6
6 6 5 2 4 5 5
3 5 1 5 6 3 4
4 6 7 7 5 8 3
6 5 8 6 7 5 11
4 3 6 11 4 3 5
9 5 8 7 6 8 11
8 6 11 3 7 12 5
7 6 4 7 6 4 5
6 8 5 5 2 12 5
4 6 7 3 6 4 3
4 6 3 3 5 6 7
6 3 5 4 11 2 6
9 8 3 7 5 5 7
5 5 5 4 5 12 6
3 3 5 5 3 6 5
9 8 5 5 4 5 7
6 5 4 5 7 12 7
6 4 5 6 5 6 5
3 5 5 6 5 4 4
3 6 3 8 6 3 5
6 5 6 6 4 4 6
3 5 4 5 11 4 6
6 8 6 5 6 12 7
6 4 6 4 4 6 7
7 5 5 5 8 6 5
5 7 5 6 11 4 5
7 6 4 3 8 8 4
4 6 4 6 5 5 4
9 5 5 4 4 6 12
6 3 6 7 5 3 4
2 6 4 4 6 4 5
7 9 6 6 12 4 6
6 7 5 4 6 5 6
6 7 5 6 4 3 4
7 6 9 2 7 4 3
5 4 2 4 6 4 4
6 9 4 8 7 6 6
4 7 11 5 7 6 4
1 7 5 3 6 12 2
7 2 3 6 2 2 5
6 4 4 8 2 3 6
5 4 6 5 7 2 5
2 2 7 5 4 5 8
6 6 4 2 5 4 4
