3 6 32 60 74 76 68 
12 23 28 31 43 60 7
9 13 27 53 62 90 24 
21 39 57 58 74 81 63 
5 20 22 27 70 76 79 
29 32 36 46 72 77 45 
7 8 22 48 57 87 32 
3 21 31 42 65 80 18 
39 42 46 53 78 87 90 
8 22 42 52 55 71 49 
17 46 61 66 78 83 9 
8 22 50 55 71 87 18 
29 33 39 49 56 89 19 
1 6 14 15 30 72 22 
12 20 38 72 74 87 14 
5 11 32 69 70 77 28 
16 43 64 73 85 88 24 
7 8 39 55 61 72 60 
5 20 22 49 55 73 74 
15 16 19 74 75 81 20 
18 23 44 52 59 72 74 
44 71 74 76 83 87 37 
1 13 15 27 59 75 28 
13 22 37 43 66 87 65 
29 45 52 81 82 86 26 
25 35 36 50 79 82 83 
14 26 28 62 74 84 21 
18 22 50 52 67 73 27 
37 42 43 62 77 87 59 
17 26 37 38 41 85 67 
18 44 46 48 56 79 39 
5 23 24 54 83 87 52 
8 25 28 35 43 59 77 
16 20 23 45 54 58 47 
9 14 41 44 49 80 38 
5 6 14 21 31 90 11
3 37 53 65 74 75 35 
19 44 45 61 71 87 83 
19 25 35 47 57 85 55 
1 48 54 65 72 82 23 
6 52 54 71 74 90 48 
1 21 29 41 44 72 86 
30 35 57 71 73 77 24 
18 54 61 70 75 85 87 
11 12 21 27 73 88 86 
2 11 15 30 35 53 67 
1 18 19 85 87 89 13 
13 27 38 58 59 67 45 
11 27 38 45 58 88 33 
1 8 18 51 55 70 36 
32 33 34 47 82 89 86 
5 18 25 44 55 82 49 
7 52 74 79 83 85 30 
10 39 67 80 82 87 2 
1 4 17 19 51 63 6 
11 31 33 44 68 78 14 
46 56 59 65 83 84 48 
4 34 39 42 47 61 72 
13 49 62 69 79 89 56 
14 27 63 65 71 77 38 
4 5 56 63 66 75 71
12 27 42 52 72 89 33
18 33 38 42 56 79 89
28 44 46 68 74 82 29
1 31 45 53 58 72 23
3 7 9 22 27 70 20
6 7 41 63 81 83 18
1 32 60 62 63 74 20
8 32 33 62 82 83 43