9 16 18 44 47 51 
17 19 32 37 41 54 
9 20 21 25 38 53 
4 6 14 22 38 58 
1 9 14 40 48 58 
13 26 29 33 35 50 
2 6 17 37 50 53 
10 15 17 24 26 32 
 1 16 21 25 27 33
13 16 35 37 54 56 
3 5 6 10 48 60 
6 10 31 43 52 59 
5 8 19 20 23 43 
21 22 28 32 47 50 
5 8 10 11 24 31 
12 16 28 31 37 43 
23 27 30 36 49 54 
6 17 26 27 40 48 
5 11 26 40 51 53 
7 8 24 33 45 46 
7 19 37 45 48 53
3 4 7 10 44 47 
3 8 33 37 38 44 
3 14 20 21 40 55
5 7 8 35 37 44
1 14 20 31 46 50
4 10 33 39 51 54
16 23 29 40 46 51
1 4 20 21 25 29
1 10 21 25 42 48
11 29 38 39 41 57
11 16 22 31 37 52
1 30 31 42 47 59
1 13 18 23 36 53
6 16 30 36 46 58
2 4 15 28 36 52
1 30 38 42 47 52
21 26 31 35 50 58
14 33 40 48 49 60
23 29 37 38 42 43
10 11 12 21 25 49
10 23 39 40 54 56
3 19 39 41 47 53
10 14 20 35 48 60
2 20 41 42 58 60
2 7 14 21 25 42
5 18 24 28 42 51
6 10 29 53 54 55
6 15 22 24 37 44
13 16 36 38 43 48
10 11 35 46 49 56
3 7 36 49 50 52
13 20 33 41 42 57
2 12 19 29 42 60
19 26 27 31 32 39
5 9 13 14 20 53
3 10 12 29 32 51
8 26 28 36 38 42
15 23 24 38 45 46
3 5 31 38 41 58 
30 34 41 49 55 59
2 7 20 29 37 41
5 24 26 28 29 37
9 20 24 26 28 52
10 32 34 41 49 54